0.02 3.30179 32.0788 1.72229 0.00497585 7.26984 2 2.90708 120.531 18.1173 
0.04 4.43065 39.2568 3.20675 0.00280751 12.6534 2 2.39614 151.497 13.2633 
0.06 5.30104 44.168 1.7801 0.00152334 17.0885 2 2.05431 166.072 10.016 
0.08 6.03624 50.4802 0.925168 0.00176251 18.5612 2 1.92646 167.824 8.80141 
0.1 6.68466 57.6844 0.812816 0.00217168 18.8584 2 1.89849 167.737 8.53566 
0.12 7.27126 65.1599 1.00277 0.00267501 18.967 2 1.88622 167.173 8.41905 
0.14 7.81095 71.8036 0.902902 0.00206168 18.9938 2 1.88676 167.913 8.42427 
0.16 8.31345 79.373 1.27034 0.00272501 18.9955 2 1.88409 167.28 8.39884 
0.18 8.78553 85.9766 1.30905 0.00186917 19 2.00331 1.88718 168.17 8.42826 
0.2 9.23212 94.4195 1.51134 0.00390085 19 2.00231 1.87882 166.008 8.34878 
0.22 9.65696 100.666 1.58963 0.00250668 19 2.00253 1.88485 167.561 8.40604 
0.24 10.0629 108.294 2.24926 0.00334918 19 2.00632 1.88162 166.693 8.37542 
0.26 10.4524 116.48 2.09084 0.00541086 19 2.01833 1.87425 164.738 8.3054 
0.28 10.8271 123.204 2.22683 0.00455502 19 2.0022 1.87716 165.544 8.33305 
0.3 11.1888 130.789 2.85635 0.00577419 19 2.02395 1.87377 164.531 8.30078 
0.32 11.5386 138.092 2.37982 0.00625586 19 2.03332 1.87236 164.162 8.28738 
0.34 11.8776 145.568 1.88093 0.00708086 19 2.03553 1.86947 163.402 8.25998 
0.36 12.2068 153.04 2.51899 0.00824503 19 2.08055 1.86645 162.437 8.23123 
0.38 12.5271 160.355 2.65016 0.00932004 19 2.12174 1.86456 161.839 8.21334 
0.4 12.839 168.446 2.55232 0.0128684 19 2.25873 1.85573 159.047 8.12947 
0.42 13.1432 175.869 3.04437 0.0145451 19 2.35154 1.85237 157.875 8.09753 
0.44 13.4402 183.384 2.5684 0.0169051 19 2.47587 1.8479 156.354 8.05502 
0.46 13.7306 190.89 3.33098 0.0198976 19 2.56606 1.84318 154.537 8.01017 
0.48 14.0148 198.38 2.66488 0.0226176 19 2.6959 1.83826 152.838 7.96347 
0.5 14.2931 206.035 2.72331 0.0270084 19 2.84949 1.83121 150.071 7.89651 
0.52 14.5659 213.643 2.86305 0.0316776 18.9997 2.95411 1.82409 147.166 7.82889 
0.54 14.8335 221.181 2.96293 0.037161 18.9998 3.06919 1.81716 144.219 7.76302 
0.56 15.0962 228.545 2.96527 0.0414535 18.9992 3.16353 1.81167 141.831 7.71087 
0.58 15.3543 236.298 3.23937 0.0499594 18.9842 3.38006 1.80081 136.907 7.6077 
0.6 15.6079 243.902 2.96093 0.0589736 18.993 3.57806 1.7908 132.372 7.51262 
0.62 15.8574 251.463 4.23206 0.0668603 18.8211 3.77664 1.78052 126.416 7.41491 
0.64 16.1029 260.71 11.8508 0.0800912 16.9959 4.44948 1.74571 98.4053 7.08429 
0.66 16.3446 270.562 10.3151 0.0980071 13.9089 5.34922 1.69779 57.3663 6.62899 
0.68 16.5826 279.641 1.17055 0.11353 10.6533 6.13066 1.65586 20.1256 6.23066 
0.7 16.8172 286.22 1.03432 0.12447 10.6639 6.23486 1.64967 19.0722 6.17182 
0.72 17.0484 292.745 0.897335 0.136662 10.7104 6.35041 1.64408 18.3102 6.1188 
0.74 17.2765 299.299 0.81451 0.156403 10.828 6.50494 1.63708 17.7595 6.05229 
0.76 17.5015 305.773 0.722221 0.177471 10.8802 6.64575 1.63078 17.0187 5.99243 
0.78 17.7235 312.22 0.65328 0.202486 10.9841 6.781 1.62407 16.4991 5.92869 
0.8 17.9428 318.659 0.584563 0.234879 11.1262 6.91475 1.61642 15.9998 5.85603 
0.82 18.1593 325.046 0.508855 0.268693 11.2551 7.04481 1.60873 15.4288 5.78296 
0.84 18.3732 331.409 0.453714 0.31002 11.4381 7.19628 1.60001 15.0234 5.70006 
0.86 18.5845 337.725 0.371735 0.357884 11.6348 7.37322 1.59061 14.5788 5.61075 
0.88 18.7934 343.997 0.303829 0.415834 11.83 7.57578 1.58024 14.0178 5.51225 
0.9 19 350.214 0.236815 0.48324 12.0578 7.80132 1.56869 13.4784 5.40253 
0.92 19.2043 356.365 0.167103 0.558317 12.3185 8.04315 1.55578 12.9098 5.27986 
0.94 19.4063 362.436 0.107286 0.642028 12.5987 8.31137 1.54148 12.3 5.14409 
0.96 19.6063 368.411 0.0548154 0.733373 12.8998 8.61347 1.52564 11.6444 4.99356 
0.98 19.8041 374.273 0.0163683 0.829266 13.246 8.95191 1.50781 10.9617 4.8242 
1 20 380.002 0.00188888 0.924934 13.5897 9.30902 1.48899 10.2503 4.64541 
1.02 20.1939 385.58 0.0177595 0.880165 13.9713 9.70674 1.46807 9.51881 4.44668 
1.04 20.3859 390.993 0.0693476 0.826829 14.3489 10.1184 1.4464 8.76819 4.24078 
1.06 20.5761 396.226 0.156567 0.767574 14.7463 10.5573 1.42331 8.02101 4.02146 
1.08 20.7645 401.272 0.284624 0.703446 15.146 11.0101 1.39948 7.30444 3.79505 
1.1 20.9512 406.175 0.435909 0.641199 15.5097 11.4259 1.37761 6.68228 3.58732 
1.12 21.1361 410.867 0.628565 0.578507 15.8852 11.8776 1.35381 6.03145 3.36119 
1.14 21.3195 415.422 0.816772 0.518525 16.2234 12.2992 1.33165 5.45213 3.15065 
1.16 21.5012 419.838 1.03806 0.46372 16.532 12.7005 1.31046 4.92242 2.94939 
1.18 21.6814 424.092 1.27263 0.410097 16.8478 13.105 1.28923 4.42847 2.7477 
1.2 21.86 428.26 1.49814 0.363668 17.1125 13.4708 1.27 3.99423 2.56497 
1.22 22.0372 432.202 1.73823 0.315797 17.4015 13.874 1.24885 3.53847 2.36411 
1.24 22.2129 436.152 1.90695 0.277458 17.6314 14.2035 1.2314 3.17834 2.19832 
1.26 22.3872 439.94 2.13253 0.240505 17.8553 14.5488 1.21335 2.81568 2.02683 
1.28 22.5601 443.676 2.37297 0.208218 18.0509 14.858 1.19691 2.49416 1.87068 
1.3 22.7317 447.316 2.58002 0.179165 18.2311 15.161 1.18099 2.20069 1.7194 
1.32 22.902 451.017 2.65513 0.156451 18.3726 15.4002 1.16805 1.96341 1.59643 
1.34 23.071 454.545 2.9117 0.134004 18.513 15.676 1.15394 1.70307 1.46243 
1.36 23.2387 458.068 2.82449 0.114012 18.6415 15.9163 1.14134 1.47734 1.34275 
1.38 23.4052 461.57 3.20178 0.0975579 18.7313 16.127 1.12977 1.28276 1.23286 
1.4 23.5705 465.054 3.01441 0.0832737 18.8138 16.3409 1.11913 1.1264 1.13176 
1.42 23.7347 468.508 3.06939 0.071482 18.876 16.5373 1.10912 0.991177 1.03665 
1.44 23.8976 471.795 3.18269 0.0585727 18.9253 16.7439 1.09803 0.828229 0.931251 
1.46 24.0595 475.38 3.2481 0.0511244 18.9531 16.8705 1.0913 0.728262 0.86735 
1.48 24.2202 478.807 3.09482 0.0432652 18.9715 17.0034 1.08341 0.582105 0.792417 
1.5 24.3799 482.158 3.36083 0.036256 18.9858 17.1368 1.07534 0.403856 0.715772 
1.52 24.5385 485.673 3.29846 0.0314693 18.9928 17.2668 1.06957 0.29391 0.660903 
1.54 24.6961 489.1 3.35329 0.0265318 18.9954 17.3913 1.06335 0.182444 0.601837 
1.56 24.8526 492.444 3.51597 0.0217468 18.9973 17.5493 1.0568 0.107183 0.539641 
1.58 25.0082 496.2 2.86837 0.0197984 18.9991 17.6104 1.05445 0.0628928 0.517232 
1.6 25.1627 499.591 2.78345 0.0164567 18.9992 17.7478 1.04905 0.0342568 0.465955 
1.62 25.3163 502.682 3.57017 0.0124542 18.9999 17.8408 1.04145 0.0134151 0.393743 
1.64 25.469 506.345 3.10906 0.011455 19 17.878 1.03902 0.00334585 0.370736 
