0.02 3.30179 26.22 2.89901e-11 1.9 1.10312e-12 0 0 19 0 1.9 1.10312e-12 171 0 8.55 -2.45564e-11 
0.04 4.43065 33.44 -2.04864e-10 1.9 1.10312e-12 0 0 19 0 1.9 1.10312e-12 171 0 8.55 -2.45564e-11 
0.06 5.30104 40.66 5.62522e-10 1.9 1.10312e-12 0 0 19 0 1.9 1.10312e-12 171 0 8.55 -2.45564e-11 
0.08 6.03624 47.88 -5.31145e-10 1.9 1.10312e-12 0 0 19 0 1.9 1.10312e-12 171 0 8.55 -2.45564e-11 
0.1 6.68466 55.1 1.48339e-09 1.9 1.10312e-12 0 0 19 0 1.9 1.10312e-12 171 0 8.55 -2.45564e-11 
0.12 7.27126 62.32 1.7917e-10 1.9 1.10312e-12 0 0 19 0 1.9 1.10312e-12 171 0 8.55 -2.45564e-11 
0.14 7.81095 69.54 -7.09406e-11 1.9 1.10312e-12 0 0 19 0 1.9 1.10312e-12 171 0 8.55 -2.45564e-11 
0.16 8.31345 76.76 -1.20508e-09 1.9 1.10312e-12 0 0 19 0 1.9 1.10312e-12 171 0 8.55 -2.45564e-11 
0.18 8.78553 83.98 1.69621e-09 1.9 1.10312e-12 0 0 19 0 1.9 1.10312e-12 171 0 8.55 -2.45564e-11 
0.2 9.23212 91.2 1.05865e-09 1.9 1.10312e-12 0 0 19 0 1.9 1.10312e-12 171 0 8.55 -2.45564e-11 
0.22 9.65696 98.42 -3.78895e-09 1.9 1.10312e-12 0 0 19 0 1.9 1.10312e-12 171 0 8.55 -2.45564e-11 
0.24 10.0629 105.64 -3.11957e-09 1.9 1.10312e-12 0 0 19 0 1.9 1.10312e-12 171 0 8.55 -2.45564e-11 
0.26 10.4524 112.86 5.01677e-09 1.9 1.10312e-12 0 0 19 0 1.9 1.10312e-12 171 0 8.55 -2.45564e-11 
0.28 10.8271 120.08 6.90125e-09 1.9 1.10312e-12 0 0 19 0 1.9 1.10312e-12 171 0 8.55 -2.45564e-11 
0.3 11.1888 127.3 -3.47973e-09 1.9 1.10312e-12 0 0 19 0 1.9 1.10312e-12 171 0 8.55 -2.45564e-11 
0.32 11.5386 134.52 -2.22644e-09 1.9 1.10312e-12 0 0 19 0 1.9 1.10312e-12 171 0 8.55 -2.45564e-11 
0.34 11.8776 141.74 2.21189e-09 1.9 1.10312e-12 0 0 19 0 1.9 1.10312e-12 171 0 8.55 -2.45564e-11 
0.36 12.2068 148.96 0.000318373 1.9 2.15318e-08 1.11123e-05 5.55494e-07 19 0 1.90008 7.77259e-06 170.999 0.000777259 8.54996 1.94312e-06 
0.38 12.5271 156.182 0.00123477 1.89998 8.89816e-08 1.11123e-05 5.55494e-07 19 0 1.90032 3.2122e-05 170.997 0.0032122 8.54984 8.03046e-06 
0.4 12.839 163.4 0.00011998 1.9 9.23266e-09 1.11123e-05 5.55494e-07 19 0 1.90003 3.33259e-06 171 0.000333259 8.54998 8.33124e-07 
0.42 13.1432 170.62 0.000224129 1.9 1.84581e-08 1.11123e-05 5.55494e-07 19 0 1.90007 6.66296e-06 170.999 0.000666296 8.54997 1.66572e-06 
0.44 13.4402 177.84 0.000139324 1.9 1.23085e-08 1.11123e-05 5.55494e-07 19 0 1.90004 4.44296e-06 171 0.000444296 8.54998 1.11072e-06 
0.46 13.7306 185.061 0.000485225 1.89999 4.60973e-08 2.22247e-05 1.11074e-06 19 0 1.90017 1.66407e-05 170.998 0.00166407 8.54992 4.16016e-06 
0.48 14.0148 192.285 0.00270669 1.89995 2.77286e-07 8.88988e-05 4.99265e-06 19 0 1.90101 0.0001001 170.99 0.01001 8.54949 2.50249e-05 
0.5 14.2931 199.506 0.00296433 1.89994 3.28458e-07 0.000100011 4.99055e-06 19 0 1.9012 0.000118573 170.988 0.0118573 8.5494 2.96432e-05 
0.52 14.5659 206.726 0.00283184 1.89993 3.4047e-07 0.000100011 6.10179e-06 19 0 1.90124 0.000122909 170.988 0.0122909 8.54938 3.07273e-05 
0.54 14.8335 213.948 0.00346828 1.89991 4.54037e-07 0.000172241 9.13802e-06 19 0 1.90167 0.000163907 170.983 0.0163907 8.54917 4.09767e-05 
0.56 15.0962 221.168 0.00325639 1.89991 4.65933e-07 0.000288921 1.71407e-05 19 0 1.90171 0.000168202 170.983 0.0168202 8.54914 4.20504e-05 
0.58 15.3543 228.404 0.00991324 1.89969 1.55672e-06 0.000533393 2.86076e-05 19 0 1.9058 0.000561974 170.942 0.0561974 8.5471 0.000140494 
0.6 15.6079 235.624 0.00994355 1.89968 1.72153e-06 0.000822314 4.26619e-05 19 0 1.90612 0.000621472 170.938 0.0675661 8.54694 0.000155368 
0.62 15.8574 242.853 0.0124057 1.89954 2.37983e-06 0.00105567 5.55585e-05 19 0 1.90881 0.000859118 170.911 0.0880557 8.54559 0.000214779 
0.64 16.1029 250.09 0.0184682 1.89927 3.94741e-06 0.00142238 7.63189e-05 19 0 1.91389 0.00142501 170.859 0.152467 8.54305 0.000356253 
0.66 16.3446 257.323 0.0214566 1.89903 5.14157e-06 0.00204467 0.000112499 19 0 1.91849 0.00185611 170.812 0.199202 8.54075 0.000464027 
0.68 16.5826 264.57 0.0284677 1.89852 7.70097e-06 0.00313368 0.000163533 19 0 1.92819 0.00278005 170.711 0.315949 8.5359 0.000695013 
0.7 16.8172 271.817 0.0338176 1.89795 1.04086e-05 0.00473942 0.000240623 19 0 1.93903 0.00375751 170.595 0.440582 8.53049 0.000939379 
0.72 17.0484 279.114 0.0529443 1.89635 1.87067e-05 0.00741749 0.000381974 19 0 1.96934 0.00675311 170.278 0.828824 8.51533 0.00168828 
0.74 17.2765 286.389 0.0637072 1.89495 2.61057e-05 0.0109734 0.000575494 19 0 1.99589 0.00942414 169.96 1.31291 8.50206 0.00235604 
0.76 17.5015 293.682 0.0794668 1.89294 3.8217e-05 0.0155795 0.000814063 19 0 2.03414 0.0137963 169.517 2.05481 8.48293 0.00344908 
0.78 17.7235 301.045 0.0982156 1.88889 5.62119e-05 0.0235804 0.00120527 19 0 2.11115 0.0202925 168.555 3.45331 8.44443 0.00507312 
0.8 17.9428 308.458 0.128594 1.88268 8.90541e-05 0.0356373 0.00179477 19 0 2.22915 0.0321485 166.994 6.326 8.38543 0.00803713 
0.82 18.1593 315.828 0.135116 1.87639 0.000115519 0.0506112 0.00250935 19 0 2.34863 0.0417025 165.373 9.17501 8.32569 0.0104256 
0.84 18.3732 323.308 0.158203 1.86486 0.000171186 0.0735693 0.00360273 19 0 2.56775 0.0617982 161.961 17.0651 8.21612 0.0154495 
0.86 18.5845 330.815 0.179916 1.84907 0.000254276 0.106945 0.00488064 19 0 2.86772 0.0917938 156.754 33.3211 8.06614 0.0229484 
0.88 18.7934 338.387 0.180721 1.82513 0.000347647 0.153489 0.00675302 19 0 3.32251 0.1255 147.628 62.0075 7.83874 0.0313751 
0.9 19 345.958 0.168463 1.79169 0.000466657 0.21743 0.00875471 19 0 3.95786 0.168463 132.946 104.358 7.52107 0.0421158 
0.92 19.2043 354.203 0.643629 1.69717 0.00278579 0.281937 0.0114325 14.8163 16.3958 5.75372 1.00567 63.8732 2096.99 6.62314 0.251418 
0.94 19.4063 361.43 0.0441215 1.62893 0.000339501 0.380203 0.0137016 10.9201 1.88527 7.05042 0.12256 17.0424 33.2048 5.97479 0.03064 
0.96 19.6063 367.848 0.0278215 1.5989 0.000481675 0.539204 0.0145331 11.4243 1.48507 7.62088 0.173885 14.8673 16.2993 5.68956 0.0434711 
0.98 19.8041 374.086 0.00982904 1.55634 0.000680683 0.744172 0.0111325 12.3054 1.41625 8.4296 0.245727 12.9112 10.6076 5.2852 0.0614317 
1 20 380 0 1.48986 0.00103722 0.977553 0.0014908 13.5715 1.34234 9.69273 0.374438 10.2946 6.38716 4.65363 0.0936094 
1.02 20.1939 385.327 0.0182666 1.40174 0.001265 0.800461 0.00791706 15.0803 1.15667 11.367 0.456665 7.33426 2.88594 3.81649 0.114166 
1.04 20.3859 389.946 0.0624349 1.30875 0.00108094 0.618719 0.0118635 16.5608 0.895259 13.1338 0.390218 4.89421 1.24317 2.93311 0.0975545 
1.06 20.5761 394.053 0.121986 1.23273 0.000938646 0.463179 0.0129261 17.6151 0.612134 14.5781 0.338851 3.20958 0.624595 2.21094 0.0847128 
1.08 20.7645 397.754 0.166273 1.16801 0.000719672 0.335376 0.0115875 18.3769 0.385093 15.8079 0.259802 1.96511 0.369046 1.59607 0.0649504 
1.1 20.9512 401.264 0.199685 1.11913 0.000553143 0.23846 0.00943705 18.8141 0.15757 16.7364 0.199685 1.12424 0.198811 1.13178 0.0499212 
1.12 21.1361 404.693 0.213521 1.08304 0.000410744 0.165179 0.00714818 18.9669 0.0322404 17.4223 0.148279 0.547839 0.254157 0.788843 0.0370697 
1.14 21.3195 408.098 0.208672 1.05632 0.000294918 0.113185 0.00512369 18.9973 0.00265985 17.9298 0.106465 0.0860096 0.0786119 0.535076 0.0266164 
1.16 21.5012 411.597 0.178579 1.03938 0.000193234 0.0775808 0.00381147 19 0 18.2518 0.0697575 0.00355595 0.00354331 0.374097 0.0174394 
1.18 21.6814 415.124 0.148907 1.02702 0.00012731 0.0542394 0.00272761 19 0 18.4867 0.045959 0.000222247 0.000222198 0.256656 0.0114898 
1.2 21.86 418.699 0.135445 1.01841 9.37983e-05 0.0365652 0.0018364 19 0 18.6503 0.0338612 0 0 0.174853 0.00846529 
1.22 22.0372 422.287 0.10378 1.01165 5.93965e-05 0.0235915 0.0012003 19 0 18.7787 0.0214421 0 0 0.110662 0.00536053 
1.24 22.2129 426 0.0967609 1.00877 4.6534e-05 0.0168685 0.000866691 19 0 18.8334 0.0167988 0 0 0.0833093 0.00419969 
1.26 22.3872 429.669 0.0734257 1.00544 3.00881e-05 0.0108456 0.000568004 19 0 18.8966 0.0108618 0 0 0.0517057 0.00271545 
1.28 22.5601 433.401 0.0580318 1.00378 2.05042e-05 0.00760084 0.000402834 19 0 18.9282 0.00740202 0 0 0.0358873 0.0018505 
1.3 22.7317 437.138 0.0401655 1.00243 1.23624e-05 0.00512835 0.000268455 19 0 18.9539 0.00446283 0 0 0.0230526 0.00111571 
1.32 22.902 440.917 0.0354326 1.00192 9.58507e-06 0.00336704 0.000174239 19 0 18.9635 0.00346021 0 0 0.018252 0.000865052 
1.34 23.071 444.656 0.0194137 1.00087 4.65203e-06 0.00188354 9.72968e-05 19 0 18.9835 0.00167938 0 0 0.00824536 0.000419846 
1.36 23.2387 448.446 0.0162171 1.00067 3.46625e-06 0.0014446 7.23658e-05 19 0 18.9873 0.00125132 0 0 0.00636737 0.000312829 
1.38 23.4052 452.236 0.0136988 1.0005 2.62791e-06 0.00100011 5.40059e-05 19 0 18.9906 0.000948676 0 0 0.00472275 0.000237169 
1.4 23.5705 456.028 0.0117328 1.00037 2.0313e-06 0.000700078 3.61806e-05 19 0 18.993 0.000733298 0 0 0.00350039 0.000183325 
1.42 23.7347 459.813 0.00535463 1.00016 8.40854e-07 0.000411157 2.20556e-05 19 0 18.9969 0.000303548 0 0 0.00156684 7.5887e-05 
1.44 23.8976 463.608 0.00329789 1.00009 4.71877e-07 0.000266696 1.43749e-05 19 0 18.9983 0.000170347 0 0 0.000866763 4.25869e-05 
1.46 24.0595 467.41 0.00455333 1.00012 5.96076e-07 0.000244472 1.43863e-05 19 0 18.9978 0.000215183 0 0 0.00110012 5.37958e-05 
1.48 24.2202 471.208 0.00390005 1.00009 4.68905e-07 0.000200022 1.05167e-05 19 0 18.9983 0.000169275 0 0 0.000861207 4.23187e-05 
1.5 24.3799 475.004 0.00195688 1.00004 2.16829e-07 7.77864e-05 3.88327e-06 19 0 18.9992 7.82752e-05 0 0 0.000394488 1.95688e-05 
1.52 24.5385 478.807 0.00373313 1.00007 3.82424e-07 7.77864e-05 4.43889e-06 19 0 18.9986 0.000138055 0 0 0.000700078 3.45138e-05 
1.54 24.6961 482.605 0.00269644 1.00005 2.56156e-07 6.66741e-05 3.32926e-06 19 0 18.9991 9.24724e-05 0 0 0.000466719 2.31181e-05 
1.56 24.8526 486.4 6.97534e-05 1 6.15506e-09 1.11123e-05 5.55494e-07 19 0 19 2.22198e-06 0 0 1.11123e-05 5.55494e-07 
1.58 25.0082 490.2 0.000149354 1 1.23074e-08 1.11123e-05 5.55494e-07 19 0 19 4.44296e-06 0 0 2.22247e-05 1.11074e-06 
1.6 25.1627 494 0 1 0 0 0 19 0 19 0 0 0 0 0 
1.62 25.3163 497.8 5.29108e-08 1 0 0 0 19 0 19 0 0 0 0 0 
1.64 25.469 501.6 -7.79401e-08 1 0 0 0 19 0 19 0 0 0 0 0 
1.66 25.6207 505.4 5.69562e-08 1 0 0 0 19 0 19 0 0 0 0 0 
1.68 25.7715 509.2 -5.56756e-08 1 0 0 0 19 0 19 0 0 0 0 0 
1.7 25.9214 513 0 1 0 0 0 19 0 19 0 0 0 0 0 
1.72 26.0705 516.8 7.39237e-08 1 0 0 0 19 0 19 0 0 0 0 0 
1.74 26.2187 520.6 -4.53438e-08 1 0 0 0 19 0 19 0 0 0 0 0 
1.76 26.366 524.4 -4.71482e-09 1 0 0 0 19 0 19 0 0 0 0 0 
1.78 26.5125 528.2 -1.20257e-07 1 0 0 0 19 0 19 0 0 0 0 0 
1.8 26.6582 532 0 1 0 0 0 19 0 19 0 0 0 0 0 
1.82 26.803 535.8 1.13389e-07 1 0 0 0 19 0 19 0 0 0 0 0 
1.84 26.9471 539.6 -3.20142e-09 1 0 0 0 19 0 19 0 0 0 0 0 
1.86 27.0904 543.4 -4.15603e-08 1 0 0 0 19 0 19 0 0 0 0 0 
1.88 27.2329 547.2 -1.00583e-07 1 0 0 0 19 0 19 0 0 0 0 0 
1.9 27.3747 551 0 1 0 0 0 19 0 19 0 0 0 0 0 
1.92 27.5157 554.8 7.55535e-08 1 0 0 0 19 0 19 0 0 0 0 0 
1.94 27.656 558.6 3.6729e-08 1 0 0 0 19 0 19 0 0 0 0 0 
1.96 27.7956 562.4 3.89409e-08 1 0 0 0 19 0 19 0 0 0 0 0 
1.98 27.9345 566.2 -6.25732e-08 1 0 0 0 19 0 19 0 0 0 0 0 
