10 0.039
11 0.0727273
12 0.194167
13 0.402308
14 0.727857
15 0.800667
16 0.480625
17 0.371765
18 0.258889
19 0.190526
20 0.154
21 0.108095
22 0.0995455
23 0.0786957
24 0.0670833
25 0.06
26 0.0473077
27 0.0477778
28 0.0553571
29 0.0427586
30 0.0376667
31 0.0435484
32 0.033125
33 0.0315152
34 0.0282353
35 0.0302857
36 0.0313889
37 0.0218919
38 0.0226316
39 0.0182051
40 0.0195
41 0.0192683
42 0.022619
43 0.0204651
44 0.0240909
45 0.0208889
46 0.0186957
47 0.0187234
48 0.0183333
49 0.0195918
50 0.0132
51 0.022549
52 0.0182692
53 0.015283
54 0.0105556
55 0.0229091
56 0.0164286
57 0.0142105
58 0.0187931
59 0.0162712
60 0.0131667
61 0.017541
62 0.0169355
63 0.0114286
64 0.0140625
65 0.0161538
66 0.0115152
67 0.0152239
68 0.0133824
69 0.0123188
70 0.0125714
71 0.0150704
72 0.0127778
73 0.0150685
74 0.0168919
75 0.0116
76 0.0130263
77 0.0116883
78 0.015641
79 0.0118987
80 0.012375
81 0.0123457
82 0.0108537
83 0.0109639
84 0.0115476
85 0.0131765
86 0.0094186
87 0.0131034
88 0.01375
