# phase transition line u = alpha / (N(N-1)/2) versus temperature for q = 0
# size = 10
# 100 monte carlo steps
# 1000 burn
# 0 thin, 0 annealing
# nopts = 10
# eps = 0.01
# deltau = 0.01

0.15 0.005 0.760690927505
0.14975 0.005 0.754052877426
0.1495 0.005 0.784518003464
0.14925 0.005 0.758692979813
0.149 0.005 0.769744873047
0.14875 0.005 0.779403924942
0.1485 0.005 0.76539182663
0.14825 0.005 0.76303601265
0.148 0.005 0.767582893372
0.14775 0.005 0.762943983078
0.1475 0.005 0.761265039444
0.14725 0.005 0.775449037552
0.147 0.005 0.754273176193
0.14675 0.005 0.768498182297
0.1465 0.005 0.760452985764
0.14625 0.005 0.75816488266
0.146 0.005 0.767663002014
0.14575 0.005 0.761176109314
0.1455 0.005 0.761564970016
0.14525 0.005 0.762403964996
0.145 0.005 0.753690958023
0.14475 0.005 0.769376993179
0.1445 0.005 0.772498130798
0.14425 0.005 0.765102148056
0.144 0.005 0.757340192795
0.14375 0.005 0.763329029083
0.1435 0.005 0.752367019653
0.14325 0.005 0.776497125626
0.143 0.005 0.771820068359
0.14275 0.005 0.762074947357
0.1425 0.005 0.760962963104
0.14225 0.005 0.771958827972
0.142 0.005 0.757923126221
0.14175 0.005 0.766236066818
0.1415 0.005 0.774192094803
0.14125 0.005 0.766376018524
0.141 0.005 0.769495010376
0.14075 0.005 0.764299869537
0.1405 0.005 0.760287046432
0.14025 0.005 0.769590854645
0.14 0.005 0.774749994278
0.13975 0.005 0.773048877716
0.1395 0.005 0.758142948151
0.13925 0.005 0.747041225433
0.139 0.005 0.776400089264
0.13875 0.005 0.776472806931
0.1385 0.005 0.764768123627
0.13825 0.005 0.768080949783
0.138 0.005 0.766678094864
0.13775 0.005 0.764005899429
0.1375 0.005 0.772923946381
0.13725 0.005 0.760629177094
0.137 0.005 0.756567955017
0.13675 0.005 0.771441936493
0.1365 0.005 0.768100976944
0.13625 0.005 0.759593009949
0.136 0.005 0.762050151825
0.13575 0.005 0.771017074585
0.1355 0.005 0.767134904861
0.13525 0.005 0.749168872833
0.135 0.005 0.753602981567
0.13475 0.005 0.744148015976
0.1345 0.005 0.751923084259
0.13425 0.005 0.786675930023
0.134 0.005 0.847126960754
0.13375 0.005 0.885410070419
0.1335 0.005 0.897348165512
0.13325 0.005 0.877631187439
0.133 0.005 0.870752096176
0.13275 0.005 0.861079931259
0.1325 0.005 0.820959806442
0.13225 0.005 0.85288310051
0.132 0.005 0.862998008728
0.13175 0.005 0.842586040497
0.1315 0.005 0.857408046722
0.13125 0.005 0.849385023117
0.131 0.005 0.862640857697
0.13075 0.005 0.858669042587
0.1305 0.005 0.839056015015
0.13025 0.005 0.853082895279
0.13 0.005 0.849281072617
0.12975 0.005 0.839998006821
0.1295 0.005 0.868880033493
0.12925 0.005 0.873332023621
0.129 0.005 0.849186897278
0.12875 0.005 0.853330850601
0.1285 0.005 0.856909036636
0.12825 0.005 0.852724075317
0.128 0.005 0.840322971344
0.12775 0.005 0.852051019669
0.1275 0.005 0.845160007477
0.12725 0.005 0.862543106079
0.127 0.005 0.850658893585
0.12675 0.005 0.862754821777
0.1265 0.005 0.84406709671
0.12625 0.005 0.851866960526
0.126 0.005 0.86048412323
0.12575 0.005 0.856748104095
0.1255 0.005 0.84846997261
0.12525 0.005 0.833414077759
0.125 0.005 0.844550132751
0.12475 0.005 0.861849069595
0.1245 0.005 0.86668586731
0.12425 0.005 0.849348068237
0.124 0.005 0.854910135269
0.12375 0.005 0.812937021255
0.1235 0.005 0.831913948059
0.12325 0.005 0.855837106705
0.123 0.005 0.847584009171
0.12275 0.005 0.866166114807
0.1225 0.005 0.849935054779
0.12225 0.005 0.851774930954
0.122 0.005 0.846194982529
0.12175 0.005 0.849600076675
0.1215 0.005 0.872117996216
0.12125 0.005 0.852719068527
0.121 0.005 0.846453905106
0.12075 0.005 0.862174987793
0.1205 0.005 0.830718994141
0.12025 0.005 0.848837137222
0.12 0.005 0.84002995491
0.11975 0.005 0.841849088669
0.1195 0.005 0.863389968872
0.11925 0.005 0.844403982162
0.119 0.005 0.855696201324
0.11875 0.005 0.839015960693
0.1185 0.005 0.829140901566
0.11825 0.005 0.855890035629
0.118 0.005 0.842947006226
0.11775 0.005 0.839154958725
0.1175 0.005 0.832479953766
0.11725 0.005 0.853528022766
0.117 0.005 0.842773199081
0.11675 0.005 0.832023143768
0.1165 0.005 0.860725164413
0.11625 0.005 0.825569152832
0.116 0.005 0.829457998276
0.11575 0.005 0.845522165298
0.1155 0.005 0.851150035858
0.11525 0.005 0.842430830002
0.115 0.005 0.863318920135
0.11475 0.005 0.841183900833
0.1145 0.005 0.820492982864
0.11425 0.005 0.872438907623
0.114 0.005 0.851790904999
0.11375 0.005 0.85298204422
0.1135 0.005 0.873234987259
0.11325 0.005 0.856666088104
0.113 0.005 0.847472190857
0.11275 0.005 0.86186504364
0.1125 0.005 0.850080013275
0.11225 0.005 0.871878147125
0.112 0.005 0.868680000305
0.11175 0.005 0.843902111053
0.1115 0.005 0.838412046432
0.11125 0.005 0.822293043137
0.111 0.005 0.825102090836
0.11075 0.005 0.846446990967
0.1105 0.005 0.85070514679
0.11025 0.005 0.828281164169
0.11 0.005 0.863173961639
0.10975 0.005 0.821208953857
0.1095 0.005 0.851185083389
0.10925 0.015 1.25481700897
0.109 0.025 1.27979493141
0.10875 0.025 0.826918840408
0.1085 0.025 0.863430023193
0.10825 0.025 0.848831176758
0.108 0.025 0.86846613884
0.10775 0.025 0.850126028061
0.1075 0.025 0.8615899086
0.10725 0.025 0.838580846786
0.107 0.025 0.85865187645
0.10675 0.025 0.837149858475
0.1065 0.025 0.861682891846
0.10625 0.025 0.847342014313
0.106 0.025 0.859775781631
0.10575 0.025 0.837822914124
0.1055 0.025 0.858525037766
0.10525 0.025 0.847284078598
0.105 0.025 0.847146987915
0.10475 0.025 0.8488509655
0.1045 0.035 1.24174809456
0.10425 0.035 0.859341859818
0.104 0.035 0.846740961075
0.10375 0.035 0.827053785324
0.1035 0.035 0.838969945908
0.10325 0.035 0.849572896957
0.103 0.035 0.876207113266
0.10275 0.035 0.845277070999
0.1025 0.035 0.860599994659
0.10225 0.045 1.24997806549
0.102 0.045 0.839254140854
0.10175 0.055 1.25262308121
0.1015 0.055 0.840308904648
0.10125 0.055 0.855658054352
0.101 0.055 0.830824136734
0.10075 0.055 0.841041088104
0.1005 0.055 0.836755990982
0.10025 0.055 0.840030908585
0.1 0.075 1.64731907845
0.09975 0.719990234375 31.429459095
0.0995 0.77998046875 7.65159106255
0.09925 0.801748046875 6.65284204483
0.099 0.8101953125 5.88235211372
0.09875 0.8149609375 5.8878159523
0.0985 0.81751953125 5.94971585274
0.09825 0.82001953125 5.96381211281
0.098 0.827568359375 6.02043294907
0.09775 0.827568359375 6.07960796356
0.0975 0.832578125 6.08992481232
0.09725 0.833203125 6.12730002403
0.097 0.833203125 6.12430000305
0.09675 0.843203125 6.75121212006
0.0965 0.843515625 6.2655069828
0.09625 0.843515625 6.22268509865
0.096 0.843828125 6.21327209473
0.09575 0.844140625 6.21415686607
0.0955 0.84421875 6.21927309036
0.09525 0.84421875 6.22586607933
0.095 0.84421875 6.22146701813
0.09475 0.84421875 6.21471405029
0.0945 0.84421875 6.17622089386
0.09425 0.844375 6.21850800514
0.094 0.844384765625 6.19439888
0.09375 0.844384765625 6.17905712128
0.0935 0.844423828125 6.17121577263
0.09325 0.84443359375 6.20000100136
0.093 0.84701171875 6.15738892555
0.09275 0.84701171875 6.17833995819
0.0925 0.84701171875 6.1694791317
0.09225 0.84701171875 6.20090699196
0.092 0.84701171875 6.20550584793
0.09175 0.84701171875 6.17160105705
0.0915 0.84701171875 6.14698290825
0.09125 0.84701171875 6.20622396469
0.091 0.84705078125 6.19191098213
0.09075 0.84775390625 6.14490103722
0.0905 0.84900390625 6.18576383591
0.09025 0.85150390625 6.20145916939
0.09 0.8515234375 6.17901396751
0.08975 0.8518359375 6.18366789818
0.0895 0.8543359375 6.24402189255
0.08925 0.8543359375 6.20902395248
0.089 0.8543359375 6.23359894753
0.08875 0.8543359375 6.19984412193
0.0885 0.854345703125 6.19413805008
0.08825 0.854345703125 6.21945118904
0.088 0.859345703125 6.23197507858
0.08775 0.859658203125 6.27882790565
0.0875 0.859677734375 6.26569104195
0.08725 0.859677734375 6.24332809448
0.087 0.859677734375 6.22453379631
0.08675 0.859677734375 6.249325037
0.0865 0.864990234375 6.25993895531
0.08625 0.864990234375 6.30269694328
0.086 0.864990234375 6.2918510437
0.08575 0.864990234375 6.27415704727
0.0855 0.864990234375 6.25440692902
0.08525 0.864990234375 6.26582312584
0.085 0.864990234375 6.27555584908
0.08475 0.864990234375 6.29255795479
0.0845 0.864990234375 6.25492095947
0.08425 0.865009765625 6.23147916794
0.084 0.865009765625 6.24974489212
0.08375 0.865009765625 6.35077214241
0.0835 0.865009765625 6.25933909416
0.08325 0.865009765625 6.23310399055
0.083 0.865009765625 6.23115611076
0.08275 0.865009765625 6.2402780056
0.0825 0.865029296875 6.22937607765
0.08225 0.865341796875 6.20728993416
0.082 0.865341796875 6.19492697716
0.08175 0.865341796875 6.19483709335
0.0815 0.8653515625 6.28543782234
0.08125 0.8653515625 6.19210004807
0.081 0.8654296875 6.18665409088
0.08075 0.8654296875 6.1889269352
0.0805 0.8654296875 6.19131302834
0.08025 0.8654296875 6.21590185165
0.08 0.8654296875 6.1704351902
0.07975 0.8654296875 6.1313431263
0.0795 0.8654296875 6.15164399147
0.07925 0.86544921875 6.14758205414
0.079 0.86576171875 6.15458297729
0.07875 0.86576171875 6.08618497849
0.0785 0.86591796875 6.11624884605
0.07825 0.86623046875 6.12899899483
0.078 0.86685546875 6.15988111496
0.07775 0.86826171875 6.13529801369
0.0775 0.87080078125 6.16627001762
0.07725 0.87080078125 6.18158507347
0.077 0.87142578125 6.160353899
0.07675 0.87642578125 6.24290513992
0.0765 0.87642578125 6.21286797523
0.07625 0.87642578125 6.21815395355
0.076 0.87642578125 6.23033285141
0.07575 0.87896484375 6.28111004829
0.0755 0.87896484375 6.23827600479
0.07525 0.87896484375 6.25118803978
0.075 0.87896484375 6.27935695648
0.07475 0.87958984375 6.25289106369
0.0745 0.87958984375 6.39461898804
0.07425 0.87958984375 6.23141002655
0.074 0.87958984375 6.21854186058
0.07375 0.87958984375 6.42441797256
0.0735 0.87958984375 6.44912099838
0.07325 0.880859375 6.28589701653
0.073 0.880859375 5.9577460289
0.07275 0.880859375 5.52581501007
0.0725 0.8809375 5.540184021
0.07225 0.8809765625 5.56918597221
0.072 0.8809765625 5.55707502365
0.07175 0.8809765625 5.53889608383
0.0715 0.8809765625 5.57073616982
0.07125 0.8809765625 5.64756989479
0.071 0.8809765625 5.55034804344
0.07075 0.8809765625 5.66545510292
0.0705 0.885986328125 5.58064317703
0.07025 0.885986328125 5.56655693054
0.07 0.886298828125 5.56146502495
0.06975 0.886298828125 5.56391096115
0.0695 0.88630859375 5.51750206947
0.06925 0.88630859375 5.50243616104
0.069 0.886474609375 5.5228099823
0.06875 0.886474609375 5.51806306839
0.0685 0.886474609375 5.56670808792
0.06825 0.886826171875 5.52194786072
0.068 0.888076171875 5.47615599632
0.06775 0.888076171875 5.5189409256
0.0675 0.889638671875 5.51801991463
0.06725 0.890341796875 6.22037911415
0.067 0.890341796875 6.25061297417
0.06675 0.890341796875 6.19738101959
0.0665 0.890380859375 6.19340991974
0.06625 0.890537109375 6.00534200668
0.066 0.891162109375 5.50398802757
0.06575 0.891162109375 5.52929186821
0.0655 0.891162109375 5.50235414505
0.06525 0.891162109375 5.49355912209
0.065 0.893037109375 5.49949002266
0.06475 0.893662109375 5.49870491028
0.0645 0.893681640625 5.94280791283
0.06425 0.893681640625 5.82911300659
0.064 0.893681640625 5.50825309753
0.06375 0.893681640625 5.51427316666
0.0635 0.893837890625 5.51588702202
0.06325 0.893837890625 5.72719192505
0.063 0.896337890625 5.95071315765
0.06275 0.896337890625 6.00126791
0.0625 0.896337890625 5.90228700638
0.06225 0.896337890625 5.52277398109
0.062 0.898837890625 5.5406370163
0.06175 0.898837890625 5.52827882767
0.0615 0.898837890625 5.49991106987
0.06125 0.898837890625 5.48760294914
0.061 0.898837890625 5.93628096581
0.06075 0.898837890625 5.58067107201
0.0605 0.89884765625 6.17446804047
0.06025 0.89884765625 5.94728803635
0.06 0.89916015625 5.49145102501
0.05975 0.89916015625 5.52022695541
0.0595 0.8991796875 5.50037193298
0.05925 0.89919921875 5.48699092865
0.059 0.89919921875 5.4808318615
0.05875 0.89919921875 5.44566106796
0.0585 0.89919921875 5.44901299477
0.05825 0.89951171875 5.44415307045
0.058 0.89984375 5.45680713654
0.05775 0.89984375 5.46579885483
0.0575 0.899853515625 5.43983912468
0.05725 0.899853515625 5.47469496727
0.057 0.901103515625 5.44289708138
0.05675 0.90392578125 5.49377894402
0.0565 0.904013671875 5.50115299225
0.05625 0.9040234375 5.49155402184
0.056 0.905283203125 5.894094944
0.05575 0.905908203125 5.68654489517
0.0555 0.906240234375 6.42269897461
0.05525 0.908740234375 6.52120804787
0.055 0.911240234375 6.2687690258
0.05475 0.911552734375 6.29276895523
0.0545 0.911552734375 5.64050006866
0.05425 0.911552734375 5.60819506645
0.054 0.911552734375 5.51748394966
0.05375 0.911552734375 5.52893018723
0.0535 0.914052734375 5.56854295731
0.05325 0.914052734375 5.9798002243
0.053 0.914052734375 5.63598203659
0.05275 0.914072265625 5.62694406509
0.0525 0.914228515625 5.59050107002
0.05225 0.914228515625 5.54822897911
0.052 0.914228515625 5.56432008743
0.05175 0.914228515625 5.55832099915
0.0515 0.914228515625 5.53532099724
0.05125 0.916884765625 5.59904098511
0.051 0.916884765625 5.58775997162
0.05075 0.916884765625 5.55511593819
0.0505 0.916884765625 5.53046011925
0.05025 0.916884765625 5.5166618824
0.05 0.917197265625 5.57281899452
0.04975 0.917197265625 5.54277706146
0.0495 0.91720703125 5.89427900314
0.04925 0.91720703125 5.6321849823
0.049 0.91720703125 5.49790692329
0.04875 0.9172265625 5.4490840435
0.0485 0.91734375 5.52946519852
0.04825 0.9175 5.45755910873
0.048 0.91884765625 5.4710059166
0.04775 0.91884765625 5.50135803223
0.0475 0.9188671875 5.52330589294
0.04725 0.9188671875 5.48355102539
0.047 0.918876953125 5.50481796265
0.04675 0.920380859375 6.00423002243
0.0465 0.920615234375 6.21943807602
0.04625 0.920693359375 6.17993497849
0.046 0.920693359375 6.1958220005
0.04575 0.921953125 5.83039498329
0.0455 0.922109375 6.07720422745
0.04525 0.922109375 5.89716720581
0.045 0.922109375 5.51735186577
0.04475 0.922109375 5.54794502258
0.0445 0.922109375 6.0154569149
0.04425 0.922275390625 5.75800991058
0.044 0.922275390625 5.47302317619
0.04375 0.922919921875 5.39814090729
0.0435 0.922958984375 5.79697489738
0.04325 0.928271484375 5.81829619408
0.043 0.928271484375 5.54335403442
0.04275 0.928427734375 5.50127696991
0.0425 0.928447265625 5.68023896217
0.04225 0.928447265625 6.01154303551
0.042 0.928603515625 5.51254487038
0.04175 0.928603515625 5.53899502754
0.0415 0.928642578125 5.51422715187
0.04125 0.928642578125 5.5068500042
0.041 0.929892578125 5.80372810364
0.04075 0.929892578125 5.85468912125
0.0405 0.929892578125 5.4712138176
0.04025 0.929970703125 5.39177107811
0.04 0.93310546875 5.42387294769
0.03975 0.93310546875 5.47226309776
0.0395 0.93435546875 5.46709394455
0.03925 0.93466796875 5.50445485115
0.039 0.9346875 5.51136302948
0.03875 0.9346875 5.5243229866
0.0385 0.934765625 5.52605509758
0.03825 0.936015625 5.5480659008
0.038 0.938515625 5.82211899757
0.03775 0.938515625 5.66037416458
0.0375 0.938515625 5.56071400642
0.03725 0.938515625 5.63978099823
0.037 0.938515625 5.58787703514
0.03675 0.941015625 5.570759058
0.0365 0.941015625 5.55569195747
0.03625 0.941015625 5.78235888481
0.036 0.941015625 6.23080301285
0.03575 0.941015625 6.09420990944
0.0355 0.941015625 6.05942797661
0.03525 0.941015625 6.25209784508
0.035 0.94109375 6.01838707924
0.03475 0.9411328125 5.55403804779
0.0345 0.9423828125 5.91201114655
0.03425 0.9448828125 5.60409784317
0.034 0.9448828125 5.5747449398
0.03375 0.944921875 5.94046807289
0.0335 0.944921875 6.41484999657
0.03325 0.945 5.62895298004
0.033 0.945 5.56504392624
0.03275 0.945 5.53613495827
0.0325 0.945 5.51572799683
0.03225 0.9451171875 5.86107993126
0.032 0.9468359375 5.76196908951
0.03175 0.9468359375 5.64066505432
0.0315 0.9468359375 5.94524598122
0.03125 0.9474609375 5.72359514236
0.031 0.9481640625 5.90156078339
0.03075 0.9481640625 5.82092404366
0.0305 0.9481640625 5.56968402863
0.03025 0.9481640625 5.54912090302
0.03 0.9487890625 5.93285512924
0.02975 0.94888671875 6.2177491188
0.0295 0.95138671875 6.19833087921
0.02925 0.95138671875 5.84993004799
0.029 0.95138671875 5.57085585594
0.02875 0.95263671875 5.54200100899
0.0285 0.95267578125 5.74183797836
0.02825 0.95267578125 5.9203119278
0.028 0.95517578125 6.01976084709
0.02775 0.95517578125 5.67511606216
0.0275 0.95517578125 5.78368997574
0.02725 0.95517578125 5.68562889099
0.027 0.95548828125 6.07174015045
0.02675 0.95580078125 5.88703799248
0.0265 0.95580078125 5.58401298523
0.02625 0.95583984375 5.54623317719
0.026 0.956005859375 5.43542504311
0.02575 0.958505859375 5.53993201256
0.0255 0.958505859375 5.60423183441
0.02525 0.958662109375 5.41556501389
0.025 0.958818359375 5.35159707069
0.02475 0.960068359375 5.3379149437
0.0245 0.960380859375 5.41096401215
0.02425 0.960380859375 5.49184989929
0.024 0.960380859375 5.48773694038
0.02375 0.960380859375 5.33368301392
0.0235 0.961005859375 5.41430902481
0.02325 0.961005859375 5.56384110451
0.023 0.961005859375 5.59431505203
0.02275 0.961162109375 5.53138399124
0.0225 0.961181640625 5.52636194229
0.02225 0.96244140625 5.29530405998
0.022 0.96248046875 5.35951018333
0.02175 0.9625 5.41451501846
0.0215 0.962509765625 5.29920601845
0.02125 0.9625390625 5.44572114944
0.021 0.9631640625 5.49061989784
0.02075 0.9644140625 5.47451591492
0.0205 0.9656640625 5.36600112915
0.02025 0.9656640625 5.29363584518
0.02 0.9657421875 5.50559687614
0.01975 0.966376953125 5.55769515038
0.0195 0.966376953125 5.5646469593
0.01925 0.966767578125 5.53663992882
0.019 0.967705078125 5.43674302101
0.01875 0.968017578125 5.29970288277
0.0185 0.968017578125 5.45087695122
0.01825 0.968017578125 5.49885010719
0.018 0.968017578125 5.42986392975
0.01775 0.968017578125 5.23998999596
0.0175 0.968017578125 5.21957683563
0.01725 0.96861328125 5.31001710892
0.017 0.96861328125 5.40541696548
0.01675 0.971162109375 5.27031707764
0.0165 0.971162109375 5.32107686996
0.01625 0.971328125 5.30946993828
0.016 0.971640625 5.2604830265
0.01575 0.97259765625 5.32188200951
0.0155 0.97259765625 5.51575803757
0.01525 0.97259765625 5.4804649353
0.015 0.97275390625 5.23219585419
0.01475 0.97310546875 5.18427491188
0.0145 0.97326171875 5.16189813614
0.01425 0.97576171875 5.25059199333
0.014 0.97580078125 5.31604599953
0.01375 0.975810546875 5.26612901688
0.0135 0.975927734375 5.36830711365
0.01325 0.975966796875 5.53766989708
0.013 0.976142578125 5.3842151165
0.01275 0.976494140625 5.39928007126
0.0125 0.976689453125 5.39828395844
0.01225 0.97919921875 5.55528593063
0.012 0.97951171875 5.46698117256
0.01175 0.98076171875 5.58301186562
0.0115 0.98076171875 5.39291286469
0.01125 0.98083984375 5.33069205284
0.011 0.980849609375 5.33479809761
0.01075 0.982138671875 5.33096289635
0.0105 0.982138671875 5.48338198662
0.01025 0.983388671875 5.43947291374
0.01 0.983388671875 5.69530105591
0.00975 0.983388671875 5.62989497185
0.0095 0.984033203125 5.37101483345
0.00925 0.984033203125 5.30596399307
0.009 0.984033203125 5.24277305603
0.00875 0.984130859375 5.22441196442
0.0085 0.98421875 5.20909619331
0.00825 0.98671875 5.42128109932
0.008 0.98671875 5.51504397392
0.00775 0.98671875 5.36602187157
0.0075 0.986875 5.3283560276
0.00725 0.987041015625 5.25696802139
0.007 0.987666015625 5.28175091743
0.00675 0.988330078125 5.28907203674
0.0065 0.988330078125 5.28480911255
0.00625 0.9884375 5.25099492073
0.006 0.988916015625 5.20504307747
0.00575 0.988935546875 5.17014813423
0.0055 0.989404296875 5.18088293076
0.00525 0.990400390625 5.36630487442
0.005 0.990654296875 5.3647480011
0.00475 0.9919140625 5.31302905083
0.0045 0.9923046875 5.51575803757
0.00425 0.992412109375 5.52223587036
0.004 0.992431640625 5.41017198563
0.00375 0.99275390625 5.35608005524
0.0035 0.992978515625 5.30729699135
0.00325 0.993916015625 5.475522995
0.003 0.994326171875 5.63372588158
0.00275 0.994609375 5.49343800545
0.0025 0.995546875 5.32668614388
0.00225 0.99587890625 5.44300079346

#0.002 2.995859375 103.058501959
#0.00175 4.99584960937 104.373382092
#0.0015 6.99583984375 104.002616882
#0.00125 8.99583007812 102.927419901
#0.001 10.9958203125 103.420889139
#0.00075 12.9958105469 103.008415937
#0.0005 14.9958007812 103.030190945
#0.00025 16.9957910156 102.720980883
