# phase transition line u = alpha / (N(N-1)/2) versus temperature for q = 0
# size = 5
# 100 monte carlo steps
# 1000 burn
# 0 thin, 0 annealing
# nopts = 10
# eps = 0.01
# deltau = 0.01

0.15 9.765625e-06 0.533519983292
0.14975 9.765625e-06 0.568558931351
0.1495 9.765625e-06 0.507702112198
0.14925 9.765625e-06 0.513872861862
0.149 9.765625e-06 0.521579027176
0.14875 9.765625e-06 0.553090810776
0.1485 9.765625e-06 0.499224185944
0.14825 9.765625e-06 0.516534090042
0.148 9.765625e-06 0.500892877579
0.14775 9.765625e-06 0.497747898102
0.1475 9.765625e-06 0.505603075027
0.14725 9.765625e-06 0.503553152084
0.147 9.765625e-06 0.509742021561
0.14675 9.765625e-06 0.501537084579
0.1465 9.765625e-06 0.495643854141
0.14625 9.765625e-06 0.499653100967
0.146 9.765625e-06 0.501979112625
0.14575 9.765625e-06 0.505673885345
0.1455 9.765625e-06 0.501448869705
0.14525 9.765625e-06 0.500502109528
0.145 9.765625e-06 0.502051830292
0.14475 9.765625e-06 0.506134033203
0.1445 9.765625e-06 0.499485015869
0.14425 9.765625e-06 0.499830961227
0.144 9.765625e-06 0.50612616539
0.14375 9.765625e-06 0.527741193771
0.1435 9.765625e-06 0.502319097519
0.14325 9.765625e-06 0.500173807144
0.143 9.765625e-06 0.503827095032
0.14275 0.001259765625 0.498347997665
0.1425 0.001259765625 0.517037153244
0.14225 0.001259765625 0.497975111008
0.142 0.001259765625 0.522294998169
0.14175 0.001259765625 0.505912065506
0.1415 0.001298828125 0.545614957809
0.14125 0.001298828125 0.505658864975
0.141 0.001298828125 0.494435071945
0.14075 0.001298828125 0.556235074997
0.1405 0.001298828125 0.514595985413
0.14025 0.001298828125 0.554595947266
0.14 0.001298828125 0.530508995056
0.13975 0.001298828125 0.525202989578
0.1395 0.003798828125 0.513065099716
0.13925 0.003798828125 0.518224954605
0.139 0.003818359375 0.534379959106
0.13875 0.003818359375 0.527508020401
0.1385 0.003818359375 0.521802902222
0.13825 0.003818359375 0.535363912582
0.138 0.003818359375 0.528989076614
0.13775 0.004130859375 0.507881879807
0.1375 0.004208984375 0.523350954056
0.13725 0.004208984375 0.558413982391
0.137 0.005458984375 0.556223869324
0.13675 0.006083984375 0.525462150574
0.1365 0.006123046875 0.526366949081
0.13625 0.006123046875 0.522303819656
0.136 0.006123046875 0.494793891907
0.13575 0.006123046875 0.54300904274
0.1355 0.006123046875 0.504465818405
0.13525 0.006279296875 0.497758150101
0.135 0.006279296875 0.515420198441
0.13475 0.006318359375 0.529273033142
0.1345 0.006318359375 0.532301902771
0.13425 0.006630859375 0.493505954742
0.134 0.007958984375 0.529977083206
0.13375 0.007958984375 0.526701927185
0.1335 0.007958984375 0.500679016113
0.13325 0.007958984375 0.543145179749
0.133 0.008583984375 0.521559000015
0.13275 0.018740234375 0.555176019669
0.1325 0.018740234375 0.501940965652
0.13225 0.018740234375 0.547340869904
0.132 0.018740234375 0.516568899155
0.13175 0.018740234375 0.497691869736
0.1315 0.018740234375 0.521642923355
0.13125 0.0240625 0.522504091263
0.131 0.0240625 0.519696950912
0.13075 0.0340625 0.580180168152
0.1305 0.0340625 0.503044128418
0.13025 0.0340625 0.496678113937
0.13 0.0340625 0.507105827332
0.12975 0.0340625 0.523378133774
0.1295 0.0340625 0.53825712204
0.12925 0.0346875 0.511528968811
0.129 0.03484375 0.499114990234
0.12875 0.03734375 0.506392002106
0.1285 0.04234375 0.503168106079
0.12825 0.04734375 0.555154085159
0.128 0.048671875 0.511310100555
0.12775 0.048984375 0.503413915634
0.1275 0.049033203125 0.506855964661
0.12725 0.049033203125 0.497637987137
0.127 0.049345703125 0.505407094955
0.12675 0.049658203125 0.50231385231
0.1265 0.049658203125 0.509115934372
0.12625 0.059970703125 0.539248943329
0.126 0.059970703125 0.534607887268
0.12575 0.064990234375 0.492496013641
0.1255 0.064990234375 0.498062849045
0.12525 0.0650390625 0.507920026779
0.125 0.0650390625 0.507959842682
0.12475 0.0650390625 0.522024869919
0.1245 0.06515625 0.561613082886
0.12425 0.06515625 0.504148960114
0.124 0.06578125 0.564435005188
0.12375 0.0658203125 0.544667005539
0.1235 0.0658203125 0.547402143478
0.12325 0.067412109375 0.517849206924
0.123 0.067412109375 0.519231796265
0.12275 0.067412109375 0.51882314682
0.1225 0.068193359375 0.51015496254
0.12225 0.078193359375 0.572700023651
0.122 0.078203125 0.523270130157
0.12175 0.08076171875 0.520546913147
0.1215 0.08138671875 0.516959905624
0.12125 0.08138671875 0.514747142792
0.121 0.08310546875 0.514199018478
0.12075 0.08568359375 0.509783029556
0.1205 0.08630859375 0.575124979019
0.12025 0.09130859375 0.608680009842
0.12 0.09630859375 0.511844873428
0.11975 0.09630859375 0.537190914154
0.1195 0.09634765625 0.501769065857
0.11925 0.09759765625 0.503287792206
0.119 0.09759765625 0.504625082016
0.11875 0.10087890625 0.514097213745
0.1185 0.10087890625 0.525610923767
0.11825 0.10087890625 0.548709869385
0.118 0.10845703125 0.507113933563
0.11775 0.10970703125 0.523404836655
0.1175 0.11501953125 0.501303195953
0.11725 0.11751953125 0.527088165283
0.117 0.11845703125 0.510339975357
0.11675 0.12470703125 0.542337179184
0.1165 0.1248046875 0.501988172531
0.11625 0.1361328125 0.570113182068
0.116 0.1361328125 0.505616188049
0.11575 0.1412890625 0.512710094452
0.1155 0.1412890625 0.551239967346
0.11525 0.1412890625 0.554773807526
0.115 0.1429296875 0.546467065811
0.11475 0.1429296875 0.574877977371
0.1145 0.1435546875 0.511866807938
0.11425 0.15357421875 0.550436019897
0.114 0.15357421875 0.506326913834
0.11375 0.15357421875 0.514178991318
0.1135 0.15357421875 0.501527070999
0.11325 0.16357421875 0.543109178543
0.113 0.17365234375 0.542941093445
0.11275 0.17365234375 0.508185863495
0.1125 0.1752734375 0.500468969345
0.11225 0.1753515625 0.548204898834
0.112 0.175390625 0.503479003906
0.11175 0.17544921875 0.515980005264
0.1115 0.19076171875 0.548011064529
0.11125 0.19857421875 0.497181177139
0.111 0.201328125 0.500729799271
0.11075 0.201875 0.507199048996
0.1105 0.205166015625 0.505579948425
0.11025 0.205400390625 0.539417982101
0.11 0.207001953125 0.512382984161
0.10975 0.220751953125 0.581367969513
0.1095 0.230810546875 0.563667058945
0.10925 0.254013671875 0.614389181137
0.109 0.26716796875 0.548152208328
0.10875 0.26763671875 0.54160118103
0.1085 0.283017578125 0.562232017517
0.10825 0.31736328125 0.629841089249
0.108 0.349580078125 0.629229068756
0.10775 0.36806640625 0.553579807281
0.1075 0.388037109375 0.555733919144
0.10725 0.40642578125 0.583028078079
0.107 0.50515625 0.915912866592
0.10675 0.525146484375 0.562798023224
0.1065 0.605 0.847939014435
0.10625 0.645908203125 0.708458900452
0.106 0.678740234375 0.66873216629
0.10575 0.686630859375 0.538022994995
0.1055 0.697353515625 0.57944393158
0.10525 0.698994140625 0.538831949234
0.105 0.7316796875 0.686187982559
0.10475 0.751767578125 0.649958848953
0.1045 0.751767578125 0.618834018707
0.10425 0.751767578125 0.548985004425
0.104 0.766806640625 0.591049909592
0.10375 0.769306640625 0.544189929962
0.1035 0.769306640625 0.596809864044
0.10325 0.769482421875 0.545861005783
0.103 0.769501953125 0.576532840729
0.10275 0.769541015625 0.544816017151
0.1025 0.789892578125 0.640343904495
0.10225 0.789892578125 0.54757809639
0.102 0.794892578125 0.610345840454
0.10175 0.804892578125 0.593271970749
0.1015 0.804892578125 0.547530889511
0.10125 0.804892578125 0.550863981247
0.101 0.804892578125 0.549449920654
0.10075 0.804892578125 0.548658132553
0.1005 0.805517578125 0.547224998474
0.10025 0.805517578125 0.548342943192
0.1 0.805595703125 0.611077070236
0.09975 0.805595703125 0.625488996506
0.0995 0.805595703125 0.564988851547
0.09925 0.805595703125 0.559551000595
0.099 0.815595703125 0.606045007706
0.09875 0.81560546875 0.56830906868
0.0985 0.81560546875 0.607821941376
0.09825 0.81560546875 0.548085927963
0.098 0.81560546875 0.54763507843
0.09775 0.81810546875 0.548232078552
0.0975 0.81810546875 0.54868388176
0.09725 0.81826171875 0.547698020935
0.097 0.81826171875 0.547346830368
0.09675 0.81826171875 0.547816038132
0.0965 0.81826171875 0.584544181824
0.09625 0.81828125 0.54886007309
0.096 0.81828125 0.550016880035
0.09575 0.81828125 0.579582929611
0.0955 0.81828125 0.569489002228
0.09525 0.82078125 0.547799825668
0.095 0.82078125 0.549299955368
0.09475 0.8209375 0.55065703392
0.0945 0.8209375 0.606235980988
0.09425 0.8209375 0.561861038208
0.094 0.8215625 0.557811021805
0.09375 0.8215625 0.569305181503
0.0935 0.821875 0.587263822556
0.09325 0.821875 0.562793016434
0.093 0.821884765625 0.548222064972
0.09275 0.821884765625 0.584257125854
0.0925 0.821884765625 0.553447008133
0.09225 0.821884765625 0.550916910172
0.092 0.821904296875 0.552536964417
0.09175 0.831904296875 0.621750116348
0.0915 0.831904296875 0.580592870712
0.09125 0.831904296875 0.593061923981
0.091 0.833154296875 0.550106048584
0.09075 0.833154296875 0.562656879425
0.0905 0.833154296875 0.549340963364
0.09025 0.8333203125 0.54846405983
0.09 0.8334765625 0.549556970596
0.08975 0.8334765625 0.547961950302
0.0895 0.8334765625 0.54939699173
0.08925 0.8334765625 0.552907943726
0.089 0.8334765625 0.549789905548
0.08875 0.8334765625 0.566466093063
0.0885 0.8335546875 0.565279960632
0.08825 0.8335546875 0.54910993576
0.088 0.8335546875 0.553140878677
0.08775 0.8335546875 0.588470935822
0.0875 0.8335546875 0.572098016739
0.08725 0.8336328125 0.548643112183
0.087 0.8336328125 0.54837679863
0.08675 0.8386328125 0.547543048859
0.0865 0.8386328125 0.547152996063
0.08625 0.8397265625 0.54775595665
0.086 0.839736328125 0.569294929504
0.08575 0.839736328125 0.612725019455
0.0855 0.839736328125 0.59397315979
0.08525 0.844736328125 0.569651126862
0.085 0.844736328125 0.54904294014
0.08475 0.844736328125 0.564812898636
0.0845 0.844736328125 0.581039905548
0.08425 0.844892578125 0.585243940353
0.084 0.844892578125 0.548552036285
0.08375 0.844892578125 0.581285953522
0.0835 0.844892578125 0.546872854233
0.08325 0.844970703125 0.547863960266
0.083 0.846220703125 0.547574043274
0.08275 0.846259765625 0.548584938049
0.0825 0.846416015625 0.591416120529
0.08225 0.846416015625 0.583279848099
0.082 0.846416015625 0.570776939392
0.08175 0.846416015625 0.547137975693
0.0815 0.846416015625 0.548680067062
0.08125 0.846416015625 0.569416999817
0.081 0.848916015625 0.549618959427
0.08075 0.849228515625 0.547949075699
0.0805 0.852080078125 0.545815944672
0.08025 0.852080078125 0.546408891678
0.08 0.852080078125 0.549592971802
0.07975 0.852119140625 0.572335004807
0.0795 0.852119140625 0.564105033875
0.07925 0.852119140625 0.549241065979
0.079 0.852119140625 0.548879146576
0.07875 0.852119140625 0.549597978592
0.0785 0.85212890625 0.546566009521
0.07825 0.86212890625 0.593152999878
0.078 0.86212890625 0.548588037491
0.07775 0.86212890625 0.548867940903
0.0775 0.86212890625 0.54811000824
0.07725 0.86279296875 0.54948091507
0.077 0.86279296875 0.591990947723
0.07675 0.86279296875 0.548369884491
0.0765 0.86283203125 0.549566984177
0.07625 0.86283203125 0.54865694046
0.076 0.86291015625 0.54861998558
0.07575 0.86291015625 0.550170898438
0.0755 0.86291015625 0.548161029816
0.07525 0.86291015625 0.549479961395
0.075 0.86291015625 0.548761844635
0.07475 0.86291015625 0.549014091492
0.0745 0.86291015625 0.594706058502
0.07425 0.86291015625 0.574023962021
0.074 0.86291015625 0.554538011551
0.07375 0.86291015625 0.558820962906
0.0735 0.86291015625 0.549051046371
0.07325 0.86298828125 0.554837942123
0.073 0.86298828125 0.592991113663
0.07275 0.86298828125 0.557599067688
0.0725 0.86298828125 0.555516004562
0.07225 0.86298828125 0.549582004547
0.072 0.86298828125 0.549056053162
0.07175 0.86298828125 0.548432826996
0.0715 0.86306640625 0.550121068954
0.07125 0.86306640625 0.549293994904
0.071 0.86337890625 0.548855781555
0.07075 0.86587890625 0.550045967102
0.0705 0.86587890625 0.565951108932
0.07025 0.86728515625 0.551941156387
0.07 0.86728515625 0.549088001251
0.06975 0.86728515625 0.549278020859
0.0695 0.86728515625 0.547044038773
0.06925 0.87228515625 0.550529003143
0.069 0.88228515625 0.674465179443
0.06875 0.8823046875 0.579951047897
0.0685 0.8823046875 0.556442022324
0.06825 0.8823046875 0.564507007599
0.068 0.8823046875 0.567804098129
0.06775 0.8823046875 0.594593048096
0.0675 0.8823046875 0.606729984283
0.06725 0.8823046875 0.560652971268
0.067 0.8823046875 0.589658021927
0.06675 0.8823046875 0.556733846664
0.0665 0.88232421875 0.59718298912
0.06625 0.88232421875 0.583990097046
0.066 0.88232421875 0.560894012451
0.06575 0.88232421875 0.580101966858
0.0655 0.88232421875 0.609834194183
0.06525 0.88294921875 0.580440044403
0.065 0.88294921875 0.600868940353
0.06475 0.882958984375 0.548043966293
0.0645 0.882958984375 0.639414072037
0.06425 0.882958984375 0.587030887604
0.064 0.882958984375 0.588080883026
0.06375 0.882958984375 0.595247030258
0.0635 0.883583984375 0.55339884758
0.06325 0.883583984375 0.626801967621
0.063 0.883583984375 0.63135099411
0.06275 0.883740234375 0.5889980793
0.0625 0.883740234375 0.552574157715
0.06225 0.883740234375 0.550639867783
0.062 0.883740234375 0.604031085968
0.06175 0.883779296875 0.554946184158
0.0615 0.883779296875 0.580049991608
0.06125 0.883779296875 0.61296415329
0.061 0.883779296875 0.641816854477
0.06075 0.883779296875 0.568471908569
0.0605 0.883779296875 0.613744020462
0.06025 0.886279296875 0.550995111465
0.06 0.891279296875 0.550394058228
0.05975 0.891279296875 0.584729909897
0.0595 0.891279296875 0.608292102814
0.05925 0.891279296875 0.551294088364
0.059 0.891279296875 0.553134918213
0.05875 0.891279296875 0.551754951477
0.0585 0.891279296875 0.572304010391
0.05825 0.891279296875 0.55843091011
0.058 0.891591796875 0.551508903503
0.05775 0.894091796875 0.552427053452
0.0575 0.895341796875 0.549018859863
0.05725 0.895341796875 0.580616950989
0.057 0.895341796875 0.551265001297
0.05675 0.895341796875 0.55042886734
0.0565 0.895341796875 0.550483942032
0.05625 0.895341796875 0.570823907852
0.056 0.895341796875 0.598945140839
0.05575 0.895341796875 0.549815177917
0.0555 0.895341796875 0.549540996552
0.05525 0.895341796875 0.56289100647
0.055 0.896591796875 0.556235074997
0.05475 0.896591796875 0.55007314682
0.0545 0.896591796875 0.609622001648
0.05425 0.896669921875 0.550689935684
0.054 0.897294921875 0.547987937927
0.05375 0.897294921875 0.549394130707
0.0535 0.897294921875 0.54878616333
0.05325 0.897294921875 0.549368858337
0.053 0.897294921875 0.576852083206
0.05275 0.897294921875 0.549757957458
0.0525 0.897294921875 0.550113201141
0.05225 0.897333984375 0.549164056778
0.052 0.907333984375 0.612066984177
0.05175 0.907333984375 0.563874959946
0.0515 0.907333984375 0.550889968872
0.05125 0.909833984375 0.551136016846
0.051 0.912333984375 0.585803985596
0.05075 0.912333984375 0.548941135406
0.0505 0.912333984375 0.596525192261
0.05025 0.912333984375 0.549181938171
0.05 0.912333984375 0.546273946762
0.04975 0.912333984375 0.551379919052
0.0495 0.912490234375 0.548156023026
0.04925 0.913115234375 0.549643993378
0.049 0.913115234375 0.549260139465
0.04875 0.913115234375 0.551391124725
0.0485 0.913115234375 0.568343162537
0.04825 0.913115234375 0.546871900558
0.048 0.913115234375 0.549067974091
0.04775 0.913115234375 0.549041986465
0.0475 0.913115234375 0.549957036972
0.04725 0.913115234375 0.549475908279
0.047 0.913115234375 0.548349142075
0.04675 0.913115234375 0.546284198761
0.0465 0.913115234375 0.549124002457
0.04625 0.913115234375 0.558584928513
0.046 0.913115234375 0.553764104843
0.04575 0.913115234375 0.577013969421
0.0455 0.913115234375 0.558027029037
0.04525 0.913115234375 0.549951076508
0.045 0.913740234375 0.587332963943
0.04475 0.914052734375 0.547432899475
0.0445 0.914052734375 0.550384998322
0.04425 0.914072265625 0.548367977142
0.044 0.91423828125 0.577629089355
0.04375 0.91423828125 0.552338123322
0.0435 0.91423828125 0.549316883087
0.04325 0.91423828125 0.549102067947
0.043 0.91673828125 0.550103902817
0.04275 0.91673828125 0.547353982925
0.0425 0.91673828125 0.578579902649
0.04225 0.91681640625 0.591870069504
0.042 0.916826171875 0.553055047989
0.04175 0.916826171875 0.549553155899
0.0415 0.916826171875 0.599003076553
0.04125 0.916826171875 0.557410001755
0.041 0.916826171875 0.594679832458
0.04075 0.916826171875 0.580169916153
0.0405 0.916943359375 0.572685003281
0.04025 0.917255859375 0.55082988739
0.04 0.917255859375 0.571671962738
0.03975 0.917880859375 0.567491054535
0.0395 0.917880859375 0.564892053604
0.03925 0.918046875 0.568967103958
0.039 0.9180859375 0.583724975586
0.03875 0.918125 0.579081058502
0.0385 0.918125 0.550822973251
0.03825 0.91814453125 0.574995040894
0.038 0.91845703125 0.572149991989
0.03775 0.92095703125 0.581956863403
0.0375 0.92099609375 0.547552108765
0.03725 0.92099609375 0.567409038544
0.037 0.92099609375 0.546871900558
0.03675 0.92224609375 0.590018033981
0.0365 0.932412109375 0.597342967987
0.03625 0.932412109375 0.55003786087
0.036 0.932412109375 0.553152084351
0.03575 0.932412109375 0.550254821777
0.0355 0.932412109375 0.550227165222
0.03525 0.933662109375 0.548718929291
0.035 0.933662109375 0.550117969513
0.03475 0.933662109375 0.551167011261
0.0345 0.933671875 0.550063848495
0.03425 0.933671875 0.589608192444
0.034 0.933671875 0.563439846039
0.03375 0.933828125 0.633431911469
0.0335 0.933828125 0.578850030899
0.03325 0.938828125 0.578852891922
0.033 0.938828125 0.58996295929
0.03275 0.938828125 0.59795498848
0.0325 0.938828125 0.624848842621
0.03225 0.938828125 0.56849694252
0.032 0.939140625 0.551254034042
0.03175 0.9404296875 0.614959955215
0.0315 0.9404296875 0.579255104065
0.03125 0.9404296875 0.557036876678
0.031 0.9404296875 0.563056945801
0.03075 0.9404296875 0.548712015152
0.0305 0.940439453125 0.547316074371
0.03025 0.941689453125 0.57167506218
0.03 0.941845703125 0.548081874847
0.02975 0.941865234375 0.574265956879
0.0295 0.941865234375 0.568175077438
0.02925 0.941865234375 0.563124895096
0.029 0.941865234375 0.552093029022
0.02875 0.941865234375 0.579446077347
0.0285 0.941865234375 0.584305047989
0.02825 0.941865234375 0.548150062561
0.028 0.941943359375 0.54905796051
0.02775 0.94203125 0.585095882416
0.0275 0.94203125 0.552634954453
0.02725 0.94330078125 0.547394037247
0.027 0.94330078125 0.547595977783
0.02675 0.94330078125 0.56878900528
0.0265 0.94900390625 0.554753065109
0.02625 0.94900390625 0.547436952591
0.026 0.95150390625 0.54927110672
0.02575 0.95150390625 0.55167889595
0.0255 0.95150390625 0.614714860916
0.02525 0.95150390625 0.5476770401
0.025 0.95150390625 0.570926904678
0.02475 0.95150390625 0.571132898331
0.0245 0.9515234375 0.546460866928
0.02425 0.9515234375 0.546499967575
0.024 0.9515234375 0.549388885498
0.02375 0.951533203125 0.551125049591
0.0235 0.952939453125 0.587158918381
0.02325 0.953251953125 0.575341939926
0.023 0.953251953125 0.550338983536
0.02275 0.953251953125 0.549113988876
0.0225 0.954501953125 0.568876028061
0.02225 0.95576171875 0.551805019379
0.022 0.95576171875 0.546926021576
0.02175 0.95701171875 0.547652006149
0.0215 0.957021484375 0.549055099487
0.02125 0.957646484375 0.583612918854
0.021 0.957666015625 0.547208070755
0.02075 0.957666015625 0.547908067703
0.0205 0.957666015625 0.55131483078
0.02025 0.957666015625 0.552412986755
0.02 0.958916015625 0.552757978439
0.01975 0.959091796875 0.547507047653
0.0195 0.959716796875 0.549006938934
0.01925 0.960341796875 0.574279069901
0.019 0.960341796875 0.549796104431
0.01875 0.9603515625 0.545931816101
0.0185 0.96037109375 0.547909975052
0.01825 0.960537109375 0.546812057495
0.018 0.960537109375 0.580552816391
0.01775 0.960654296875 0.567660093307
0.0175 0.960654296875 0.557291030884
0.01725 0.9609765625 0.566464185715
0.017 0.9616015625 0.619920969009
0.01675 0.9616015625 0.589554071426
0.0165 0.962890625 0.553893089294
0.01625 0.96291015625 0.58848285675
0.016 0.96419921875 0.591120004654
0.01575 0.96427734375 0.619479894638
0.0155 0.96427734375 0.573549032211
0.01525 0.964296875 0.585362911224
0.015 0.964375 0.57545208931
0.01475 0.96484375 0.562434196472
0.0145 0.96765625 0.567986011505
0.01425 0.96765625 0.557286977768
0.014 0.96767578125 0.579880952835
0.01375 0.967734375 0.608818054199
0.0135 0.9678125 0.552482843399
0.01325 0.96783203125 0.569678068161
0.013 0.970029296875 0.593914031982
0.01275 0.970107421875 0.584719896317
0.0125 0.970302734375 0.561805009842
0.01225 0.970654296875 0.594211101532
0.012 0.970849609375 0.550102949142
0.01175 0.971162109375 0.565099954605
0.0115 0.971181640625 0.549103021622
0.01125 0.971181640625 0.546591043472
0.011 0.9741796875 0.54825592041
0.01075 0.97443359375 0.545876026154
0.0105 0.975771484375 0.583499908447
0.01025 0.977099609375 0.576189994812
0.01 0.9796875 0.551143884659
0.00975 0.9796875 0.557976961136
0.0095 0.97984375 0.562464952469
0.00925 0.97984375 0.554356813431
0.009 0.98017578125 0.578703165054
0.00875 0.98017578125 0.576278924942
0.0085 0.98021484375 0.616953849792
0.00825 0.98021484375 0.582502126694
0.008 0.980224609375 0.600504159927
0.00775 0.980224609375 0.573692798615
0.0075 0.98056640625 0.57505106926
0.00725 0.98197265625 0.631181955338
0.007 0.98201171875 0.59160399437
0.00675 0.984521484375 0.584128856659
0.0065 0.98703125 0.567073106766
0.00625 0.98703125 0.573927164078
0.006 0.98734375 0.581782102585
0.00575 0.9878125 0.568166017532
0.0055 0.98822265625 0.549869060516
0.00525 0.98822265625 0.586513996124
0.005 0.98845703125 0.61199092865
0.00475 0.988623046875 0.674810886383
0.0045 0.989873046875 0.575053930283
0.00425 0.989873046875 0.55083489418
0.004 0.990224609375 0.61053609848
0.00375 0.990244140625 0.585693836212
0.0035 0.990556640625 0.544184923172
0.00325 0.99087890625 0.567934036255
0.003 0.99203125 0.542620897293
0.00275 0.992529296875 0.543554067612
0.0025 0.993828125 0.602170944214
0.00225 0.9945703125 0.600974798203

