# cut: order parameters versus q
# size:  15
# beta:  10
# alpha:  42.0
# steps:  1000000
# burn:  1000000
# anneal:  1000000
0.0 14.0 1.89724 -0.00469242 0.0285714 92.5376 0.0049047 4301.672194
0.001 14.0 2.8 0.16 1.0 92.64 0.0 5063.38378882
0.002 11.0 2.53333 0.148209 1.0 93.08 0.0 5136.85022998
0.003 14.0 1.89734 0.114973 1.0 92.5377 0.00493277 4152.28874707
0.004 6.0 1.73333 0.108481 1.0 94.24 0.0 3520.95984507
0.005 14.0 1.89738 0.114972 1.0 92.5375 0.00492737 4269.70215797
0.006 14.0 3.46667 0.186304 1.0 94.32 0.0 5567.70345211
0.007 2.0 0.933333 0.0622222 1.0 94.56 0.0 2408.88138795
0.008 4.0 1.46667 0.0937868 1.0 94.68 0.0 3374.75525403
0.009 6.0 1.86667 0.115556 1.0 97.4 0.0 4114.47349596
0.01 12.0 4.93333 0.228209 1.0 95.04 0.0 6146.30238008
