# cut: order parameters versus q
# size:  5
# beta:  10
# alpha:  4.0
# steps:  10000000
# burn:  10000000
# anneal:  10000000
0.0 3.9758 1.61219 0.000265993 0.200767 10.4219 0.00701635 1475.58998919
0.001 3.96649 1.61155 0.00182255 0.205997 10.4219 0.00737478 1485.11513591
0.002 3.95323 1.61204 0.000893621 0.202208 10.4218 0.00764249 1483.44983697
0.003 3.90337 1.60496 0.00620701 0.221688 10.4215 0.00778742 1492.76021218
0.004 3.87029 1.61138 0.00853626 0.226926 10.4213 0.00794417 1474.22074699
0.005 4.0 3.6 0.09 1.0 10.4 0.0 1392.01714706
0.006 4.0 4.0 0.0 1.0 10.4 0.0 1325.17298198
0.007 1.93959 0.803808 0.159459 0.996893 10.4001 3.841e-05 976.486264944
0.008 4.0 3.6 0.09 1.0 10.4 0.0 1313.92375422
0.009 4.0 3.6 0.09 1.0 10.4 0.0 1317.16439509
0.01 4.0 3.6 0.09 1.0 10.4 0.0 1306.05532289
